5038535_0_1317
	SpeI	S	1.843	4.843	10.593	6.938	8.292	10.711	5.367	8.440	6.335	1.947	3.756	10.678	6.969	2.964	6.493	8.316	5.583	6.404	1.062	4.265	7.378	11.119	20.819	1.662	8.915	1.177	11.495	21.642	1.973	5.710	7.993	2.767	5.391	8.019	7.959	4.276	5.522	11.894	4.152	3.025	12.390	3.526	9.149	8.271	2.456	1.564	9.179	34.473	2.682	13.115	6.171	4.170	22.259	3.319	2.181

5038579_0_14
	SpeI	S	13.174	3.002	20.195	14.357	14.359	6.541	3.292	2.680	4.302	8.993	11.215	2.500	7.129	36.059	17.412	4.620	13.491	24.766	4.219	4.796	4.091	5.858	7.282	17.182	16.521	4.750	18.694	1.720	1.702

5038449_0_31
	SpeI	S	31.700	22.084	35.268	9.791	4.097	34.582	2.454	3.471	12.218	6.632	9.958	8.365	34.836	41.721	1.503	11.937	5.578	3.069

5038468_0_248
	SpeI	S	7.186	8.084	3.240	13.848	6.838	13.797	15.210	3.995	2.507	18.236	21.375	4.897	5.629	6.672	13.534	4.525	9.625	14.829	9.064	28.697	6.910	4.596	7.311	6.914	6.710	4.676	16.514	10.718	9.909	10.996	15.934	10.252	12.045	6.645	2.015	16.017

5038574_0_1149
	SpeI	S	13.787	259.107	90.883	13.094	12.609	15.420	1.886	4.468	4.856	13.526	52.275	17.143	3.748	4.483	8.880	41.695	4.295	5.215	15.033	25.987	4.520	5.877	15.984	46.427	40.361	4.559	9.648

5038473_0_384
	SpeI	S	1.083	27.389	54.966	24.409	3.574	12.023	3.399	8.019	7.959	4.276	5.522	11.894	4.152	3.025	12.390	3.526	4.795	4.737	4.391	1.829	3.149	26.138	5.850	8.097	1.591	1.551	2.829	6.980	1.266	4.178

5038517_0_422
	SpeI	S	46.734	259.107	90.883	13.094	12.609	16.239	12.457	22.714	3.942	1.348	7.586	6.974	15.422	2.249	13.394	8.507	7.726	16.031

5038570_0_314
	SpeI	S	3.222	7.919	8.937	1.623	6.246	9.739	15.343	15.321	37.941	32.970	20.870	13.744	10.391	10.176	13.610	2.645	18.803	5.451	35.448	9.513	8.594	30.843	13.498	23.362	4.895	2.671	9.713	1.895	23.620	1.463

5038608_0_94
	SpeI	S	2.519	13.933	13.970	1.146	11.925	3.342	6.010	12.301	3.111	8.804	7.196	9.782	2.637	2.956	18.664	2.379	3.934	2.185	4.579	5.387	5.166	15.631	9.961	15.108	5.398	4.571	5.102	10.882	15.818	9.373	30.048	6.351	13.446	7.607	15.825	22.615	16.882	9.224

5038630_0_429
	SpeI	S	0.478	4.004	3.792	2.211	1.735	5.398	4.367	2.301	30.320	6.899	15.863	31.211	4.409	14.102	1.889	17.718	41.788	2.052	5.033	35.142	16.855	3.807	4.931	18.205	11.427	4.489	3.857	29.380	21.516	23.872	3.706	6.968	2.889

